
====================================
===========DONE===========
6
7
8
12
17
18
29
34
36
38
40
43
45
50
53
57
59
61
63
72
74
77
80
81
82
86
89
90
92
93
95
96
97
99
103
106
107
109
113
114
117
120
122
129
130
134
137
142
143
147
150
151
162
164
165
166
172
173
177
178
179
180
184
187
189
192
194
201
204
209
211
213
215
216
222
223
227
229
237
240
241
260
264
275
279
284
289
299
304
306
307
310
313
316
324
328
331
337
341
343
355
357
365
368
371
372
373
375
376
377
378
382
384
385
386
388
390
393
395
396
397
398
399
400
402
406
413
417
419
421
423
427
429
430
433
435
436
442
443
445
447
449
450
451
452
453
454
456
457
462
464
467
468
470
473
474
475
477
481
486
491
497
498
503
508
513
516
518
519
522
523
524
525
526
528
529
532
535
537
538
539
540
542
547
550
553
554
556
558
565
570
576
581
583
585
592
593
602
606
608
609
611
622
623
624
626
633
636
638
640
641
646
647
648
649
650
652
654
655
658
659
662
665
667
669
670
672
673
676
677
678
686
687
688
690
692
695
698
701
707
712
713
714
718
720
721
722
729
731
738
740
743
752
754
756
763
764
767
769
775
777
779
781
784
785
786
787
788
789
790
791
792
794
795
797
799
802
807
808
809
811
813
814
816
817
820
822
823
825
826
831
833
835
837
838
840
841
842
845
846
849
851
852
853
855
856
858
861
863
865
866
869
870
873
874
877
880
881
885
886
889
890
893
894
898
900
901
907
909
910
911
912
915
916
918
919
921
923
926
930
931
932
934
935
937
939
945
946
947
948
949
950
951
954
955
957
958
959
962
963
966
967
969
970
971
973
974
978
979
983
984
985
986
988
990
991
998
1003
1004
1006
1007
1008
1010
1011
1014
1015
1016
1017
1019
1020
1023
1026
1027
1031
1033
1034
1035
1038
1039
1040
1041
1042
1043
1045
1049
1052
1053
1054
1061
1070
1072
1073
1079
1080
1081
1090
1093
1094
1104
1105
1109
1110
1111
1115
1116
1117
1123
1124
1129
1130
1131
1138
1139
1140
1144
1145
1146
1155
1156
1158
1161
1162
1164
1169
1170
1171
1174
1186
1190
1191
1193
1195
1201
1202
1204
1208
1209
1218
1219
1222
1226
1227
1233
1234
1237
1238
1239
1247
1248
1253
1254
1261
1262
1267
1268
1276
1277
1282
1283
1286
1288
1291
1292
1296
1297
1302
1305
1306
1310
1311
1314
1315
1318
1319
1321
1324
1325
1328
1329
1333
1334
1338
1339
1341
1343
1344
1348
1352
1353
1357
1358
1361
1362
1366
1367
1371
1372
1375
1376
1381
1382
1386
1387
1390
1391
1393
1395
1396
1400
1401
1405
1409
1410
1414
1415
1418
1419
1424
1432
1433
1441
1442
1443
1447
1448
1451
1452
1456
1457
1461
1462
1465
1466
1471
1472
1476
1477
1482
1487
1488
1492
1493
1497
1498
1503
1504
1508
1509
1513
1514
1519
1524
1525
1529
1530
1535
1536
1540
1541
1545
1546
1551
1552
1557
1558
1559
1561
1562
1567
1573
1574
1577
1578
1583
1584
1589
1590
1593
1594
1599
1600
1604
1605
1609
1615
1616
1620
1621
1625
1626
1630
1631
1638
1641
1642
1647
1648
1653
1654
1657
1663
1664
1669
1670
1673
1674
1679
1680
1685
1686
1689
1690
1695
1696
1702
1705
1706
1711
1712
1717
1718
1721
1722
1726
1727
1733
1734
1737
1738
1743
1744
1749
1750
1753
1754
1759
1760
1764
1765
1769
1774
1775
1780
1781
1785
1786
1792
1797
1798
1801
1802
1806
1807
1813
1814
1817
1818
1824
1828
1829
1833
1834
1838
1839
1845
1846
1849
1850
1855
1856
1860
1861
1864
1865
1870
1871
1877
1878
1881
1882
1884
1887
1888
1894
1895
1898
1899
1901
1904
1905
1906
1907
1910
1911
1914
1921
1922
1926
1927
1930
1934
1936
1937
1942
1943
1946
1947
1953
1954
1958
1959
1962
1963
1968
1969
1975
1976
1980
1981
1985
1986
1992
1993
1996
1997
2001
2002
2007
2008
2012
2013
2017
2018
2023
2024
2028
2033
2034
2038
2039
2043
2044
2048
2049
2054
2055
2058
2059
2063
2064
2069
2070
2074
2075
2079
2080
2086
2087
2090
2091
2095
2096
2100
2101
2104
2105
2109
2110
2115
2116
2120
2121
2125
2126
2130
2131
2134
2135
2139
2140
2145
2146
2149
2150
2155
2161
2162
2165
2166
2170
2171
2177
2178
2181
2182
2186
2187
2191
2192
2195
2196
2201
2202
2207
2208
2211
2212
2216
2217
2221
2222
2225
2226
2232
2233
2240
2241
2244
2245
2249
2250
2256
2257
2260
2261
2265
2266
2270
2271
2274
2275
2279
2280
2284
2285
2288
2289
2294
2295
2300
2304
2305
2310
2311
2316
2317
2320
2326
2327
2332
2333
2336
2337
2342
2343
2348
2349
2352
2353
2358
2359
2364
2365
2368
2369
2370
2374
2375
2380
2381
2384
2385
2390
2391
2396
2397
2400
2401
2405
2406
2408
2410
2411
2414
2415
2419
2420
2424
2425
2428
2429
2433
2434
2438
2439
2442
2443
2447
2452
2453
2456
2457
2461
2462
2466
2467
2470
2471
2476
2477
2482
2483
2486
2487
2491
2492
2497
2498
2501
2502
2507
2512
2513
2516
2517
2521
2522
2523
2526
2527
2530
2531
2536
2537
2541
2542
2545
2546
2550
2554
2555
2556
2559
2560
2563
2564
2567
2568
2571
2572
2575
2576
2579
2580
2583
2587
2588
2593
2594
2596
2597
2598
2601
2602
2606
2607
2610
2611
2615
2616
2618
2622
2623
2624
2625
2627
2631
2637
2640
2641
2645
2649
2653
2654
2657
2658
2661
2662
2671
2672
2673
2679
2680
2683
2684
2685
2693
2694
2698
2705
2707
2708
2711
2712
2718
2721
2722
2730
2731
2734
2735
2740
2741
2745
2746
2747
2749
2750
2761
2762
2766
2767
2768
2770
2771
2772
2779
2780
2785
2786
2787
2789
2799
2800
2807
2808
2811
2812
2816
2817
2825
2826
2829
2830
2831
2834
2840
2841
2844
2845
2849
2850
2856
2857
2860
2861
2865
2866
2870
2871
2874
2875
2895
2896
2901
2904
2905
2906
2909
2910
2914
2915
2918
2919
2924
2925
2929
2930
2933
2934
2938
2939
2943
2944
2947
2948
2952
2957
2958
2961
2962
2966
2967
2971
2975
2976
2981
2982
2997
2998
3001
3002
3006
3007
3011
3012
3015
3016
3020
3021
3025
3026
3029
3030
3034
3035
3039
3040
3043
3044
3047
3048
3066
3067
3070
3071
3075
3076
3080
3081
3084
3085
3091
3092
3096
3097
3100
3101
3106
3107
3111
3112
3115
3121
3122
3128
3129
3132
3133
3137
3138
3143
3144
3147
3148
3152
3153
3159
3160
3163
3164
3169
3170
3175
3176
3179
3180
3185
3186
3191
3192
3195
3196
3201
3202
3207
3208
3211
3212
3217
3218
3220
3223
3224
3227
3228
3233
3234
3239
3240
3243
3249
3254
3259
3265
3271
3275
3281
3282
3286
3290
3291
3295
3296
3297
3301
3302
3305
3306
3309
3310
3315
3316
3319
3324
3325
3326
3331
3332
3334
3335
3341
3342
3346
3350
3355
3356
3361
3362
3365
3366
3371
3372
3380
3381
3387
3388
3393
3394
3397
3403
3404
3408
3409
3412
3413
3418
3419
3421
3424
3428
3429
3433
3434
3439
3440
3443
3446
3447
3453
3457
3458
3462
3468
3469
3472
3473
3475
3478
3479
3484
3488
3489
3493
3494
3497
3499
3503
3508
3513
3514
3517
3521
3522
3523
3524
3527
3528
3529
3532
3537
3542
3543
3551
3552
3556
3557
3558
3561
3564
3566
3567
3568
3572
3573
3576
3577
3578
3580
3583
3584
3586
3587
3588
3589
3592
3593
3597
3598
3599
3601
3603
3604
3607
3608
3611
3612
3613
3618
3619
3623
3626
3627
3628
3629
3634
3635
3638
3639
3642
3644
3645
3648
3649
3650
3652
3653
3654
3657
3659
3660
3664
3665
3669
3670
3675
3676
3679
3680
3685
3689
3690
3693
3694
3698
3702
3703
3705
3708
3709
3713
3714
3716
3719
3720
3722
3723
3724
3727
3728
3732
3733
3737
3738
3741
3742
3746
3747
3751
3752
3755
3756
3759
3760
3761
3765
3766
3767
3770
3771
3775
3776
3779
3780
3781
3784
3788
3789
3790
3795
3799
3800
3804
3805
3808
3809
3810
3811
3814
3815
3818
3819
3820
3824
3825
3828
3829
3834
3835
3839
3840
3843
3844
3847
3848
3849
3853
3854
3857
3858
3862
3863
3867
3868
3871
3872
3876
3877
3881
3882
3885
3889
3890
3891
3895
3896
3899
3900
3904
3905
3909
3913
3914
3918
3919
3922
3923
3926
3927
3932
3933
3937
3938
3941
3942
3946
3947
3951
3952
3955
3960
3961
3964
3965
3968
3969
3970
3974
3975
3976
3979
3980
3983
3984
3987
3988
3993
3994
3997
3998
4001
4002
